3220
18.6
19.2
45.3
27.9
27.2
38.4
39.2
31.6
37.2
30.1
30.6
34.4
29.8
22.5
26.3
26.4
26.1
41.5
27.5
31.2
19.2
25
26.2
53.8
25.2
20.5
31.8
31.7
25.6
38.8
40.2
67
38.9
20.6
29.9
25.9
27.8
37.2
25.7
24.6
24
18.5
39.9
37.9
19.4
35.5
25.7
32.9
28.1
40.2
33.4
24.3
53.9
35.2
30.3
28.3
30.1
22.3
10.4
57.1
37.1
40.2
25.5
32.2
25.7
49.9
37.2
23.2
9
12.4
31
8.4
5.6
24.6
9.9
4.3
29.2
11
11.8
15.6
12.7
39.7
23.5
12.5
32.5
14.7
30.2
9.3
20.2
9.5
2
21.1
8.9
20.4
6.5
30
45
24.9
26.3
38.5
29.1
17.7
33.8
24.4
30.8
40.4
27.5
25.5
29.8
23.4
29
30.4
28.4
25.7
18.2
25.1
47
23.2
27.2
44.4
32.6
31.5
22.1
31.5
36.1
35.1
29.6
27.7
35.3
26.8
20.9
49.8
37.9
16.8
28.3
35.8
31.4
16.5
22.8
42.1
27.9
36.3
32
32.5
45
39.3
33.6
32.4
31.2
36
30.6
28.9
27.4
16.3
27.2
27.3
29.3
40.9
50.1
23.9
46.1
27.3
38.7
25.6
52.4
30.3
35.9
40.4
26.3
30.5
26
29.8
36.7
11.2
32
30.7
36.6
33.4
32.9
39
31.8
34
25.3
21.7
25.7
27.2
15.2
8.5
22.5
23.9
13.3
22.2
14
29
13.3
38.2
27.3
23.7
31
14.1
33
32.1
32.8
23.6
25.8
33.6
10.3
19.6
28.1
37.7
18.6
5.8
25.1
13.3
17.1
17.6
10.5
17.7
23.3
25
14.8
27.1
18.4
12.7
25.2
15.1
10.2
21.2
10.9
17.1
23.5
22.7
30.5
19
14.6
28.2
24.3
27.6
23.8
37.9
15.9
16.1
18.7
30.2
19.1
36.5
15.4
22.8
32.7
36.8
13.2
8.5
12.3
4.7
10.3
19.8
40.4
40.9
24.5
23.9
26.1
29.8
4.2
11.9
11.2
15.6
29.4
14.8
3.5
14.3
18.9
12.9
19.1
20.8
11.8
14.9
25.4
14
10.2
12.3
16.5
16.3
26.2
20.9
0
13.8
31.3
29.9
16
38.7
7.8
8.1
18.7
11.6
26.7
27.6
21.9
29.6
9
34.9
16.9
10.7
19.7
19.6
9.5
11.3
16.5
22.4
11.2
16.7
7.6
7.2
19.2
14.8
6.6
14.3
19.7
15.4
21.6
26.7
23.5
22.1
22.6
24.8
21.3
19.9
21.5
19
30.4
11.6
24.7
30.6
42.4
24.1
26
25.5
24.5
29.9
43.4
35.2
28.7
19.1
47
39.7
32.1
25.8
31
23.3
40.3
23.1
34.9
22.7
23.3
21.1
26.9
20.6
36.7
16.8
33.3
25.5
31.3
19.6
27.7
19.5
19.1
22
41.5
25.5
29.1
22.2
17.9
21.9
28.7
45.8
10.6
28.1
17
16.9
15.8
28.7
40.5
13.6
27.8
27
20.6
29.1
34.2
25.2
38.3
22.2
38.1
42.4
23.1
20.4
21.5
49.5
32.6
42.6
33.5
24.7
42.4
19.4
32.4
46.4
32.6
51.7
17.9
46.7
27.7
17
20.7
29.7
10.3
31.3
14.4
39.4
60
37.8
44.6
17.4
35.6
39.2
11.5
30.4
19.3
22.6
46.9
21.1
16.2
39.8
30.1
33.2
39.7
44.4
22
37.7
40.2
14.4
27.5
43.9
42.3
35.3
12.1
29.4
7.4
30.4
25.2
45.5
29.6
28.2
30
48.8
44.7
19.8
26.2
27.6
48.5
27.7
12
28.4
29
19.7
25.8
35.7
15.6
29.5
33.1
49.9
57.6
32.9
23.6
29.2
32.9
38.9
16.8
22.9
40.2
23
33.3
21.1
41.2
35.9
33.6
23
29.1
31.3
40.6
40.5
12.9
35.9
19
24.1
29.4
23.9
9.1
23.6
17.2
32.1
18.8
31.8
15.9
31.6
34.6
22.7
44.3
32.4
52.2
39.9
24.2
33.3
35.9
29
33
25.3
61.6
52.7
20.7
52.6
41.7
42.3
48.5
59.5
28.5
42.2
33.4
30.1
31.5
31.1
43
30.4
19.4
36.5
22.6
21.1
45.4
42.2
36.7
23.5
33.1
37
34.4
27.2
28.4
49.7
26.2
30.2
29.6
12.8
10
12.5
14
13.7
16
21.9
21.4
21.8
18.8
20.4
19.5
19.3
16.9
18.2
25.9
28
26.1
4.9
21.2
19.9
16.8
18
22.5
18.9
13.8
26.7
29.2
19.8
17.7
22.1
16.5
17.1
28.3
22.1
19.1
25.3
27.7
15.4
23.7
38
24.1
19.8
23.9
15.7
20.1
14.9
26.7
20.1
58.4
22.3
14.9
10.2
20.6
17.1
19.9
21.8
22.9
21.9
23.8
23.1
11.4
25.6
25
17.8
21.9
22
20.5
14.8
10.3
23.9
16.9
16.1
30.6
23.6
26.3
18.4
20.1
23.1
10.5
16
18.5
25.9
19.7
13.9
26.9
32.3
10
26.2
8.2
11
17.8
17.6
23.3
7.2
30.5
13.9
20.2
19.8
13.7
17.6
17.7
19.9
10.8
11.5
28.4
18.8
17.5
31
16.3
20.9
26.5
18.9
13.1
8.5
19.7
18.5
22.3
13.7
25.3
27.3
9
15.7
23.1
27.2
25.4
16.5
21.2
23.9
28.3
35.4
24.2
15.4
21.2
14.6
18.5
22.1
11.6
21.7
29.1
15.7
22.4
16.9
24
17.7
18
11.2
21.9
25.7
13.1
27.3
23.5
18.5
16.1
20.1
6.2
21.2
12.6
23.7
14.5
18.1
21.3
28.1
17.5
12.7
22.7
21.4
26
13.4
23.7
29.9
19.1
13.9
11.7
21.5
13.8
28.6
15.7
5.6
8.4
16.3
5.5
23.5
25.4
16.4
21
9.7
22.6
20.3
22.5
13.7
23.5
15.9
19.5
29.4
29.4
18.4
25
31.8
15.9
19.8
22.2
18.7
23.8
18.9
23.6
18.3
8.3
27.7
21.7
20.7
16.5
17.5
17.4
16.9
20.7
15.7
27.4
12
26.4
27.3
28.9
16.8
15.5
26.1
15.3
28
32.5
21.4
19.6
15
24.6
14.4
27.6
25.7
13.8
17.2
22.7
33
20.1
12.1
11.4
13.9
9.5
15.3
16.6
11.7
14.9
18.8
12.3
9.2
13.3
17.3
13.1
21.8
11.3
22.7
8.7
17.4
15.6
11.5
26.3
20.1
15.4
20
30.9
6.6
30.4
26.4
14.2
22.3
6.1
15.8
17.8
17
18.2
21.6
17.6
18.1
6.4
14.8
17.2
12.6
11.2
11.9
22.1
14
19.2
14.8
14.5
15.3
11.1
20.6
13.6
14.5
18.9
14.5
24.3
10.9
19.4
16.2
9.3
5.2
17.4
12.1
16.9
9
12.6
22.7
12.3
27.3
19
9.1
10.9
20.4
16.8
10.3
19.3
18
19
9.1
9.5
7.9
17.2
13.2
11.2
11.8
17.3
17.7
19.7
25.5
25.5
9.4
13.4
16.9
21.4
9.9
8.9
19.4
12.8
15.2
22.5
28.6
26.3
15.6
22.6
28.7
25.5
14.8
17.9
27.7
26.2
12.5
21
19.4
15.1
14.2
9.5
23
20
18.2
12.5
20.4
13.8
17.9
24.5
12.7
7.8
25
27.8
19.6
17.7
9.7
17.3
9.8
13.8
13.8
23.6
26.9
21
20.2
21.9
5.2
11.1
9.3
26.9
7.5
12.3
15.6
20.3
23.6
8.9
16.4
13.9
10.6
7.4
25.2
9.4
14.1
15.6
16.8
12.9
15.3
26.3
11.3
12.9
15.1
29.7
23.7
9.3
14.2
27.4
10.4
4.8
14.9
8.5
17.9
17.1
15.8
21
18.1
11.5
21.9
4.7
18.9
25.8
5.7
21.7
28.2
21
12.2
26.9
22.3
25
4.7
28.2
16.3
4.7
2.1
5.5
7.6
17.5
8.1
30.7
36.8
37.3
30.7
21.8
13.7
25
28.5
35.2
51.6
11.2
24.6
30.2
19.4
26.6
42.1
20.7
13.6
46
32.5
22.6
20.5
38.2
40.8
24.2
34.3
26.1
20.4
50.4
29.4
29.9
31.6
22.9
16.5
40.8
39.3
23.3
25.5
43.4
22.8
36
22.7
32.9
27.9
23.1
34.4
22.8
24.7
27.1
22.7
42
27.4
31.4
28.4
29.3
21
26.6
43.3
24.2
28.3
33.1
23
41.1
48.8
28.8
34.2
26.5
35.6
32.2
40.9
42.7
34.1
16.1
27.4
28.1
26.6
48.8
37.4
21.9
39.9
27
14.5
43
25
23.5
47.6
27.5
31.5
43.1
35.6
41.2
29.7
24.7
37.3
35.6
8.4
23
40.2
23
29.3
28.7
32.2
35.6
41
31.7
34.7
36.5
15.6
17.1
30.8
8
36.5
22.6
32.3
22.3
32.4
25
20.5
37
27.4
35.8
59
21.5
22.8
21.9
15.6
24.7
31.9
27.4
39.2
19.9
33
24.7
29.8
9.7
30.7
47.3
43.8
39.4
26.9
66.9
27.3
35.3
47.7
22.6
30.4
24.8
38.2
27
26.3
20.4
20.6
27.3
31.9
17.8
53.4
42
37.3
41
37.2
18.2
28.9
29.2
23.8
30.9
28.1
29
15
35.5
27.9
26.5
40.7
28.9
30.6
15.2
31.4
51.4
27.2
50.7
22.7
18.9
32.3
35.1
29.1
44.4
31.3
35.1
23.5
25.7
14.9
18.7
18.1
19.2
14.7
18.5
25.1
20.3
33.5
19.9
24.6
21.2
24.7
11.5
24.9
6.7
12.1
6.3
24.9
6.9
14.3
11.2
28.5
9.3
18.6
11.7
6.3
16.9
8.5
13.1
11
10.5
39.7
16.1
20
20
15.5
34.2
13.5
19.7
17.4
19.9
16.4
15.3
27.2
12.9
9.2
18
6.7
11.4
28.7
15.7
21.4
16.1
17.1
25
24.7
30.6
24.9
15.6
21.5
15
26.5
27.8
25.4
22.2
16.6
30.1
28.6
41.4
12.9
19.9
24.5
14.7
15.6
14
31.4
34.4
34
13.5
27.1
32.3
18
22.7
25.8
19.5
28.3
24.8
24.8
27.6
20.7
20.6
20.9
26.3
49.2
15.4
17
21.3
7.4
36.1
25.5
18.9
29.3
17.7
31.4
31.2
30.4
17.5
24.4
16.4
27.2
22.6
27.9
26.3
13.1
31.6
37.1
21.5
35.4
30.1
20.7
11.7
21
33.4
26.8
20.5
26.7
23.3
34.7
21.4
25.7
27.5
14.8
36.9
26.7
13.7
10.4
17
23.6
18.7
23.5
14.6
8.1
15.7
4.4
29
20.2
3.5
12.5
25.3
22.1
23.2
14.4
10.6
9.3
10.4
22.6
16.5
17.6
17.1
12.4
16.8
17.3
17.1
7
20.8
16.7
21.3
17.6
17.1
18.1
8.7
22.4
9.9
11.8
7.2
20.2
11.8
37.8
8.8
17.6
12.8
15.7
12.3
18.8
12.5
10.8
22.4
21.8
10.8
12.3
10.8
20.7
17.5
17.4
11.5
24.3
11.9
17.2
17.7
16
14.6
16.8
18.6
6.6
9.6
17.9
13.4
15.9
9.5
20.8
23.2
14.3
10.1
19.5
9.8
6.2
16.3
11.2
11.9
7.1
15.9
51.5
30.6
34.5
36.7
21.8
53.3
38.9
30.8
38.7
36.2
54.3
31.7
41.2
44.8
41.1
37.8
12.6
34.7
24.4
24.9
10.5
34.8
27.2
31.6
36.9
60.9
49.1
63.7
26.6
19.9
34.5
63.2
47.9
35.8
47.3
25.5
20.5
36.1
32.4
42.3
28
57.3
40.7
32.9
18.2
43.5
33.6
30.2
50
33.5
34
46.9
31.6
30.5
32.3
22.5
41.2
21.4
27.4
60.8
11.3
42.7
33.9
38.7
37.3
23.2
51.2
29.9
23
35
27
39
33.2
40.7
36.2
52.5
39.3
30
52.4
46.3
22.7
44.5
20
6.9
17.8
28.5
30.5
36.1
25.7
28.1
30.3
16.1
26.5
31.1
16.4
19.7
29.6
23.8
18.8
27.7
14.3
30
20.7
15.1
20.4
10.7
11.7
17.7
22.1
26.3
28.2
34.4
22.6
26.5
33.6
36.9
39.3
16.4
25.4
20.3
24.4
27.3
25.8
30.7
43.8
11.7
24.8
31.4
37.3
27.2
22.9
14.8
16.9
30.7
28.1
15.7
29.4
16.8
22.3
24.3
23
30.4
31.9
24
30.4
26.5
22.1
29.9
43.8
18.3
26.2
23
28.8
35.9
18.6
28.9
39.4
8.6
31.3
42.1
13.9
24.2
22.7
19.9
10.7
23.1
18.1
25.4
15.2
24.7
25.8
30.7
33.1
8.6
35.9
21.1
25.9
16.1
25.7
33.7
19.6
27.6
35
30.7
19.1
24.4
20
27.7
29.5
30.5
20.9
34.1
32.3
28.3
21.4
30.5
41.8
7.6
39.1
37.8
13
17.5
14.3
23.1
35.8
11.1
3.9
27.4
26.5
7
13.9
18.2
10.7
10.2
40
60.1
39.1
26.5
11.9
19
32.8
15.6
13.5
23.7
8.3
17.7
14.5
33.2
13.9
22.5
9.4
8.4
17.1
27.2
6.6
28.4
26.4
28.6
20
34.3
28.4
39.1
11.8
26.2
8.3
18.7
15.7
28.7
31.5
19.4
30.9
17.6
14.4
15.9
15.9
0.7
17.3
25.9
11.7
28.8
8.4
22.3
13.2
10.1
10.6
7.5
12.9
14.3
12.9
19
12.4
18.4
19.5
12.5
22.2
15.6
22.4
27.2
20.4
13.4
20.3
10.8
11.6
16.3
19.5
31.2
11.7
8.9
7.2
9.3
14.6
12.9
21.9
12.6
26.7
2.4
26.6
12.6
29.9
12.9
20.3
15.2
6.6
18.8
39.8
15.1
21.4
17.3
18.2
16.6
18.5
20.7
21.5
7.5
14.5
15
8.7
14.2
14.7
20.7
9.4
9.3
5.9
11.5
8.2
16.1
35.5
3.4
11
9.2
16.4
22.4
11.1
29.5
29.8
15.5
13.9
18
13.7
41.6
15.4
15.5
12.2
17.4
9.3
14.3
20.8
22.7
16.4
15.5
15.1
1.6
12.1
20.6
20.1
22
37.5
34.7
27.6
9.3
20.2
18.1
25.5
18.2
11.2
16.9
21.7
15.5
11.7
12.3
7.3
12.9
12.7
23.2
9
8.5
19.9
15.9
26.1
24.4
10.1
26.5
5
16.4
11.5
9.9
4.7
20
25.3
23.3
6
6.9
15.4
11.9
27.2
18.1
32.7
45.5
23.1
32.6
14.4
40.7
12.5
31.1
20.4
5.2
38.3
21.8
20.2
7.7
39
44.2
22
34.1
19.8
30.6
37
18.6
26
38.7
23
33.4
32.5
38.8
46.1
15.7
32.5
17.1
25.1
42.5
24.3
27.7
17.7
29.9
22.2
23.6
22.1
16.8
15.3
26.4
11.8
23.1
15.6
29.9
24.3
20.5
17.5
13.6
22.2
22.3
32.9
17.2
18.8
17.9
23
32.4
8.2
24.6
19.9
27.4
22.5
13.5
20.4
21.9
28
19.5
4.8
20.5
19.3
17.3
25.1
27.5
8
20.8
18.5
18.5
15.9
24.6
8.7
25.6
11.7
17.7
14
17.5
20
18.5
12.3
17.1
21.5
29.1
26.3
26.2
35.2
30.4
16.3
25.9
37
41.8
29.1
22.4
30.6
16.8
27.3
14.2
24.5
34.6
23.2
21.4
26.8
41.5
33.2
30.5
32.9
26.1
25.2
13.6
10.7
23.6
18.4
38.9
25.7
43
30.7
19.9
25.7
25.6
29.4
21.1
38.1
25.1
36.4
24
28.9
20
38.6
30.8
24.6
21.1
31.2
22.4
41.5
26.3
36.2
23.8
31.2
29.9
24.6
29.9
20.5
30.6
38.5
25.9
26.2
23.3
51.4
19.8
13.9
24.5
29.3
24.9
34.1
27.2
29.5
25.3
27.5
39
44.9
25.7
27.8
29.6
35.6
46.9
25.1
23.4
26.8
45.3
21.7
31.2
13.2
37
15.2
35.5
32.7
21.8
35.6
32.3
38.3
34.2
34.4
16.5
8
47.8
7.9
9.9
5.1
16.9
10.2
11.3
2.2
8.3
7.6
15.3
17.4
6.3
12.3
12
17.1
15.6
9.2
12.7
8.5
9.1
2.3
21.8
10.4
20.4
17.1
7.9
8.9
18.5
6.7
8.4
7.3
25.3
14
8.2
9
13.4
48.9
5.5
24.5
44.3
8.3
4.9
9.2
16.2
25.6
12.9
12
9.5
0
12.6
31.4
25.3
25
29.6
33.6
11.7
21.5
20.6
18.8
25.5
20.6
28.7
14.6
21.7
23.8
24.2
25.7
27.8
19.7
20.4
4.7
19
13.9
28
24.8
14.7
28.1
11.9
19.2
33.7
26.8
20.3
26.1
29.6
17.2
29.4
26.2
17.9
19.8
33.3
27.4
23.3
11.9
23.9
20.1
21.7
22.7
30.1
14
30.1
28.6
10.2
31
10
19.3
34.7
28.6
31.2
17.2
28.1
25.5
17.8
16.4
26.1
18.2
33.2
21.1
19.2
6.4
26.7
28
21.9
33
27.2
14.2
22.1
21.7
29.9
20.8
11.1
18.2
33
6.8
21.5
20.4
22.8
12.1
14
38
20.4
29.6
11.7
12.3
22.8
23.1
27.4
9.1
20.8
29.7
39.9
31.4
13.9
30.5
24.3
23.1
26.2
22.1
16.8
33.6
22.7
18.7
18.8
22.6
17.5
13.1
16.8
24.2
25.1
25.6
27.5
21.2
30.3
27.2
25.9
9.5
30.4
23
28.9
20.6
13.7
20.3
12.5
34.3
29.3
18.3
22.7
31.3
21.7
32
13.6
24.4
30.1
26.8
30.4
24.1
35.5
19.3
24.7
25.6
24.4
25.7
39
20.9
12.9
28.8
37.7
21
18.2
33.4
23.5
14.7
22
24.1
21.2
17.9
25
15.1
12
22.3
19.3
25.2
28.2
17.8
18.8
30
1.4
18.1
27.5
23.5
26.5
32
30.1
24.4
20.1
22.2
24.3
27.8
36.1
27.5
25.7
23.6
18.9
28.7
22.7
26.6
22.9
22.8
20.7
15.6
37
24.3
14.1
18.1
20
19
19.8
22.2
22.3
20.3
7.2
10.7
24.5
22.9
19.6
12.8
8.6
20
22.9
25.3
18.1
22.1
12.2
20.1
14.6
12.6
24.7
31.5
37.5
18.4
16.4
19.7
19.9
20.5
23.1
20.5
21.8
15.6
24.3
17.3
20.7
27.2
22.4
24.8
22.4
25.8
16.1
7.5
13.1
13
21.3
13.6
37.2
14.6
20.4
19.6
17.2
19.6
19.6
19.5
19.7
17.8
25.9
19.9
14
19
15.6
18.1
16.5
6.3
10.7
12
26.2
12
33.4
30.3
48.1
23.6
42.4
41.9
21.2
19.9
27.3
25.7
34.8
41.9
36
37.3
31.6
33.9
52.8
18.4
22.3
36.3
28
36
23.6
36.2
31.2
29.8
39.3
23.5
27.4
35.3
43.6
20.8
36.6
42.9
43.9
27.1
28.5
34.9
20
22.4
29.6
25.4
26.4
30.4
40
18
8.9
34.1
53.9
11
9.3
8.9
21.1
41.1
7.3
9.8
29.8
24.3
21
9.1
56.9
13.4
18.3
37.7
7.3
33.7
11.2
4.1
27.9
3.2
7.1
26.7
22.7
8.7
11.1
10.1
10.5
16.2
15.4
21.8
42.7
8
1.8
12
25.8
13.4
4
30.9
10.1
16.7
16.3
13.6
72.3
17.4
16.8
20.2
61.5
18.8
13.1
18.9
32.3
11
17.7
6.6
0.9
56
37.3
11
3.7
12.5
18
47.2
30.1
24.1
31.1
23
19.8
29
31.4
26.5
25.7
34.4
18.7
27.3
28.9
26.4
39.9
24.8
25.8
24.1
29.7
32.1
30.1
23.9
25.1
21.8
35.9
21.4
27.7
20.4
26.5
32.1
38.3
30.7
23.6
34.6
34.1
31.7
29
32.3
33.4
27.4
29.6
37
22.3
44.4
23
33.1
20.7
40.9
35.3
31
24.3
24.5
28.7
28.3
25.8
22.2
30.2
30.3
25.3
23.5
27.5
30.6
22.6
23.3
33.5
30.1
29.9
38
24.5
28.5
31.8
37.3
27.9
16.7
14.8
37.5
17.8
21.5
33.3
22.8
28.9
26.9
12.7
18.5
20.7
31.1
30.5
29.6
30.3
23.9
33.4
22.6
25.2
6.2
13.7
27
17
30
36.4
12.1
4.3
24.9
19.2
25.8
21.1
20.6
2.2
35.6
21.7
24.9
14.3
0
23.1
27.4
14.6
24.3
10.6
27.4
57.8
30.2
27
26.8
24.3
30.4
20.7
47.5
28.2
10.6
30.8
23.7
9.7
34.8
28.8
13.7
23.7
11.4
41.1
9.5
40.1
19.1
13
40.2
19.8
22
19.8
39.1
16.3
30.4
33.9
41.7
25.5
29.3
17.2
28.8
39.5
10.1
21.2
24.8
26
32.6
36.2
19.9
17.1
20.8
17.1
31.7
23.8
34.4
22.5
18.9
19
38.5
6.3
11.2
25.7
25.1
29.5
11.3
20
14.3
18.8
0
30.7
29.6
17.2
22.9
26.9
28
13.7
34.7
39.9
16.4
25
17.4
17.2
26.8
25.4
9.3
35.1
17.4
22.2
30
45.9
33.6
16.8
17.7
31.3
41.6
22.1
63.8
25.5
21.7
19.9
26.7
15.5
24.2
2.2
29.7
15.3
31.6
17.7
26.5
44.1
18
12.3
39.3
24.8
23.5
30.2
10.5
27.1
31
23.7
27.6
35
22.7
29
11
21.1
20.7
22.7
41.7
10.8
23.7
25.7
0
23.4
31.9
27
29.8
11.3
31.3
35.7
17.1
21.4
35.2
34.9
21.1
21.2
11
26.4
21.4
10.8
23.8
17
31.5
27.7
15.3
31.8
31.5
17.1
30.4
26.4
15.9
17.6
20.2
27
22.8
14.9
27.6
13.5
26.8
30.4
32.6
18.3
13.2
22
26.6
24.2
24.5
25.4
1.4
24.1
7.5
29
26
49.9
40.3
23.2
21.2
23.8
29.4
11.3
19.6
34.4
20.2
24.8
18.1
45.1
33.2
29.9
30.7
9.9
33.5
21.5
21.6
25.9
17.9
21.2
31.6
19.9
22.6
24
22.4
19
24
29.1
27.8
26.1
25
31.2
23.3
21.9
20
42.9
28.4
24.6
25.6
23.3
49.2
9.5
13.8
17.9
18.3
22.7
14.3
22.8
51.6
45.8
16.5
11.2
14.9
18.2
3.4
9
13.2
15.3
21.4
20.4
22.9
19.7
10
19.5
5.3
35.1
20.1
16.2
34.2
14.6
15.6
9.6
6.8
9.4
12
12.3
20.9
12.9
16.8
12.9
23.6
18
11.9
17.3
11.8
11.4
17.6
19.3
20.6
17.4
12.4
17.4
14
30.7
9.6
24.7
17.4
17.4
26.6
11.4
13.6
3.4
12.8
13.8
11.6
36.1
40.9
31.3
18.7
21.4
22.7
23.2
31.2
9.8
17
15.3
10.7
38
32.4
19.1
19.7
7.6
6.7
6.9
6
24.6
7.8
8.2
8.4
7.6
36.3
9.8
27.8
25.5
7.9
16.2
30.9
21.5
19.7
10.5
31.7
7.1
21.6
13
39.9
4
12.9
27.2
16.1
11.2
27.6
14.5
16.9
16.6
11.4
39.3
16.2
27.3
22
20.6
34
25.3
3
22.8
13.6
9.8
17.4
16.3
11.6
10.1
20.9
16.5
26.4
29.8
19.4
29.8
24.3
10.8
7
19.4
28.7
22.7
11.3
17.1
14
31.7
17.8
8.2
12.8
32.1
39.5
20.7
14.6
16.9
38.4
36
52.6
3.9
2.8
32.4
19.5
48.1
24.3
22.4
29
17
32.2
14
10.1
29.1
24.1
30.3
36.4
46.4
4.6
30
15
40
32.8
13
28.9
17.8
12.4
27.1
20.3
19.5
27.6
20.2
21.9
19.9
22.4
14.4
21.9
24.2
23.9
24.7
27.6
16.9
22.8
24.8
13.9
17
13.7
13.2
17.1
25.4
21
22.7
26.3
29.4
30.2
29.7
17.3
19.6
23.3
14.4
13.6
19.6
25
16.4
25
24.3
16.8
19.3
30.4
30.3
22
35.2
27.7
20.7
27.4
20.7
30
17.7
27.5
36.9
19.8
24.3
31.4
29.2
18.9
23.8
25.1
15.7
24.8
32.8
43
23.8
50.3
24.9
16.4
27.6
34.2
20.7
36.7
16.4
26.2
14.3
24.7
22.2
28.1
30.9
33.9
18.9
11.8
25.4
21.5
29
28.8
21.3
25.3
24.3
29.7
27.3
31.4
35.6
31
20.3
25.7
30.6
26.3
22.9
17.4
19.6
15.7
13
23.2
10.7
11.6
24.2
12.8
16.8
13.9
12.3
16
20.7
14.6
14.6
11.5
12.4
20
17.3
10.6
20.3
11.8
11.6
25.3
14.7
19.8
22.5
13.3
13.6
16.2
21.3
12.4
15
15.6
17.6
22.6
53
31.8
23.9
12.5
14.2
11.7
5.6
20.3
11.4
14.5
13.2
19
18.4
19.4
23.2
26.1
7.6
18.3
30.7
15.6
12.9
16.4
16
25.1
20.8
16.7
20.7
7.4
6.8
16
12.8
15.3
15.8
21.5
12.7
8.4
19.4
11.6
5.6
20.9
31.9
15.8
0.8
13.8
9.7
14.2
19.4
9.6
32.1
10.5
10.4
17
7.1
18.3
17.9
27.6
72.2
63.4
62.4
66.7
58.2
61.8
59.4
57
66.2
74
49.5
59.3
50.9
63.8
55.4
45.3
67.5
49.8
57.8
69.7
47.6
60.4
73.7
65.9
56.3
41.7
62.9
62.1
72.6
65
67.2
36.9
37.3
56.5
49
58.3
62.1
66.2
62.5
55.2
69
64.3
72.8
58.7
56.1
55.5
55.3
81.6
68.8
66.2
60.6
67.2
70.4
56.5
70.5
73.8
65.7
68.1
67.2
67
47
42.2
65
65.6
61.1
56.5
61.8
57.2
35.5
49.8
40.8
64.2
63.8
56.1
58.1
68.3
62.1
56.3
24974
27317
16824
18431
20532
17580
18390
21374
21071
21811
21399
20755
20064
18905
20151
24936
22546
15968
17519
20977
20585
20881
22566
17808
18411
24381
17045
20500
19545
18595
20224
13611
18877
22931
23925
20066
27240
20130
24215
21369
24356
25569
18429
17374
32131
21471
20042
21363
22953
15863
25138
24449
14804
17957
19415
19363
19882
24168
33494
12887
19598
21177
23124
20166
19743
14170
18808
28608
31754
36920
17746
38267
35315
22257
33244
33902
30943
39979
31537
32021
30657
11569
23041
29913
19804
51085
21101
34884
25205
33890
38696
30079
33293
30089
33159
20698
13011
23506
24308
20583
17481
21994
20439
27832
20974
16486
25729
21130
17795
25418
19102
22473
19891
22475
27934
21946
20252
20537
20195
19053
19555
19166
24912
21905
20045
21897
23091
20849
19682
19543
17868
17788
17481
24603
19550
19163
24070
23686
20689
17049
18956
21273
20242
18995
17797
19885
19341
20904
17312
14298
14377
19858
20011
23555
20693
17779
21104
19073
17470
19975
17277
18038
19810
22328
16700
19294
17202
19004
20047
19329
27708
19011
15971
26050
17833
18533
23182
17371
16848
18944
21779
19047
24638
22547
18377
18288
37285
21415
27473
24259
29553
21897
39313
19560
35588
20408
21313
23367
16143
27850
20644
18707
21407
19274
28337
17970
60236
28316
24059
18204
21001
29437
24994
36475
32442
34817
36022
30842
23783
27315
27239
21352
31266
52220
22645
31060
48278
30589
43880
33241
24107
29986
22561
29185
34235
21922
23689
21263
22975
17876
27054
33435
28116
20471
25039
19524
34190
28884
21361
13544
39074
40135
28064
23553
42812
18844
21809
10742
22661
24417
35218
20199
45500
38193
38021
29659
18619
27574
38361
31432
25584
33816
23467
27938
37065
22731
21769
24399
31822
31304
22935
15203
23916
26569
32271
24624
23470
23144
22101
19228
33392
31734
24967
55519
20087
22191
27274
22269
36472
21711
23143
40149
22857
35753
32707
24817
26751
23246
50137
35611
38530
41277
32852
34208
35446
28140
25404
32894
28558
47675
25498
20471
25246
19739
27571
28381
16536
26984
23979
26464
38297
20563
16441
17850
26543
24161
24360
20868
17834
21436
17879
19631
14742
16298
16980
21586
21117
27764
16468
31882
17196
21080
19404
24236
28010
26522
20299
16972
16274
27958
21675
34742
23850
36208
28670
28902
16931
25411
19165
33650
24455
30170
21196
18082
37581
23657
27892
34479
29162
30145
18573
15811
12291
24026
20823
27393
18164
19178
17022
18349
20959
18611
19211
21411
22592
15316
16523
21591
19503
17276
19744
26934
18719
17546
19433
14242
23856
16897
21320
22642
18036
25690
19487
16333
30595
19276
12790
18107
17127
33778
17540
17353
30603
18790
28106
20904
19439
21547
28832
18310
29486
17887
14295
18999
23158
18116
16954
25123
19841
17096
19625
20534
36362
21218
35696
17743
37926
21766
18921
26541
19707
16953
28209
25831
19026
24292
12358
20740
30386
20733
19222
24996
24368
17576
23504
20570
18446
16048
17366
16954
26005
19217
16688
19194
27999
19785
22373
18166
19173
21963
19065
23887
13431
20857
19077
18059
18904
15297
25539
17402
24435
17043
23318
21717
33528
21848
24930
20689
27720
21619
23150
20293
17656
25864
17334
22869
26031
20659
22614
19858
18597
19891
19588
20001
13721
17404
18971
14805
14957
16857
12155
16242
20471
20078
19564
19978
21127
21559
18227
17768
21872
19069
21430
23625
18100
18174
18285
18291
18767
8292
21718
20353
13521
18392
18037
18762
24548
31041
46769
27441
29664
28851
21219
21598
22959
20937
20164
34208
27276
23981
23926
20795
21982
24588
17915
25172
18227
15151
20079
22861
21326
18855
20302
19726
19688
19611
19501
17708
25744
22766
22134
21152
17204
14653
20674
25177
20089
16854
20689
18877
21254
24118
21553
23962
18343
24380
14729
22867
26170
21065
27304
26407
26493
24262
26078
23263
25744
22797
28839
23525
31013
26351
22596
24025
29100
25455
39336
25389
22885
26775
21472
26010
21625
22651
22125
22105
29622
24110
25085
21415
26603
27402
25565
21147
25303
22975
25901
29362
20014
31056
24449
31053
22241
39299
25755
14468
25363
25769
21786
21664
33735
31305
26895
25962
28337
22808
27739
24173
22927
30578
26823
32889
19866
24586
25053
27451
28610
21720
32724
21594
21131
18923
29918
22895
23498
26391
26738
21175
31024
24077
24978
23697
27148
24253
29718
23140
22233
24155
22876
28683
23869
25534
25490
31310
24669
25198
30804
21274
25770
27987
22526
20534
38038
29903
25365
22125
25470
21856
22337
18835
21101
27907
23346
24016
21179
25972
21817
20508
28116
24619
24032
22807
24682
20440
22767
41316
29058
24460
30364
21286
24297
22606
22421
24614
19591
22139
21434
28889
21928
26011
20413
24756
23499
23404
22236
24330
22895
22939
21745
24266
22911
26175
23154
23477
23848
19660
21842
20592
20964
23169
29922
29821
22798
22983
23000
23534
23186
24395
21385
24645
24936
20899
24576
19715
19516
23529
25868
21487
24961
22022
21626
22674
27731
30507
20483
22093
24253
24944
26383
25990
26428
26077
23653
29882
29990
25382
26935
30504
29045
24511
26498
26524
27100
25868
27879
28270
27934
26981
22586
27138
26124
27255
23344
37669
23867
19493
27563
24614
34218
27096
27707
24513
25918
25417
29060
26918
31076
28946
26001
26846
26256
26910
23439
25804
27814
28398
29022
25546
26138
25209
31271
26937
23076
28952
22746
30829
26176
23512
26777
28922
25228
26280
24648
28280
25706
24730
25753
23445
25503
30600
25306
23617
26154
27991
26406
31291
27057
26018
26557
26991
29391
27695
26029
25589
26432
23821
24022
23268
22716
30086
27228
23009
23718
25021
26211
23630
24734
26316
20671
21226
21677
28174
24338
20783
22600
27647
23459
23584
19809
26626
25106
26807
22441
29382
23661
21950
20346
29891
24430
23471
27611
25584
21764
26098
24102
22145
20619
24567
21450
25484
28233
25195
26131
25994
23335
22250
24640
24453
24362
31547
25038
26227
23002
40331
23884
24998
24116
21006
31458
27138
24953
26519
28974
20943
28396
23642
26313
23446
29413
27555
20864
23928
22297
26041
22354
29968
23702
24243
27132
26260
24125
25072
25964
27078
27559
23578
25317
23687
23992
23891
24843
26128
25641
30179
26016
20442
26691
28733
21786
27315
25476
22690
24827
24214
26309
28817
23962
28265
23440
23367
22538
21432
18912
18277
20702
24353
24056
20262
18719
13701
29866
23620
25745
22368
21054
15737
19185
24458
18502
20840
20701
28248
21499
20129
18948
17526
19614
25492
13802
16712
21248
17571
23952
20304
15319
16446
30031
21453
18173
26778
18082
21634
22567
19667
20805
19902
19563
23649
22330
24845
15840
20490
18993
22628
21806
19597
22517
16405
28822
26230
18436
27847
17939
15599
20570
18795
18890
13688
15558
17194
16662
18564
23079
19126
24723
28577
10880
20910
21977
16046
19347
23707
14179
23773
23473
16768
22658
17608
17635
20850
16007
19609
24699
20039
19254
34423
22878
15158
23725
18910
20061
17241
20215
19246
16963
18185
17010
28232
27631
19397
27016
18120
19042
26001
23465
20164
23823
19793
15475
19891
16748
13901
30490
20552
19868
29269
23886
18967
22961
20464
27572
24876
25005
21493
29679
21851
17547
17498
22513
27944
11313
21348
18484
17324
17987
23977
21428
18986
27127
22260
30240
25303
20818
21003
25999
14205
18209
19883
27721
21770
24837
25024
21671
23016
19699
22605
20160
27247
18620
24071
22660
19156
22983
21847
31022
21671
16912
23626
19676
23261
21578
17745
20248
26118
19353
22122
17877
25011
21763
34081
22980
28432
25957
28144
29078
21280
24149
22856
30062
21729
24473
21977
30705
21674
41706
35011
39011
24943
36936
29538
36809
27870
37449
25348
35746
48104
30081
49110
32639
38733
36668
16631
38317
27066
26241
32419
25707
37678
30469
29607
38560
36212
30584
26560
30244
44152
45000
45829
36163
34420
32284
23933
21259
25161
22082
27155
21197
17461
25795
24445
25023
25241
21263
23150
24314
28188
23631
20396
19181
29766
22595
23061
24880
27577
31109
22957
21234
21008
28050
19618
21291
20081
23382
25436
20921
23486
21725
20518
23377
26416
21320
27032
24384
16679
24478
34322
23252
33619
18427
23889
27525
22647
23785
24244
20405
23233
30172
20530
26982
19955
20771
21291
21230
37728
20234
20972
21896
19205
19520
25743
26519
23550
22513
23139
25429
21559
21374
20580
23582
21904
22358
34738
22897
20988
25591
31775
26399
22524
25341
27426
26440
28018
24584
40322
25720
26372
29553
25896
23391
33056
24978
27936
36171
30091
29953
27135
26348
26494
30236
27952
38724
27626
25725
27152
25219
27494
23661
27560
29279
25398
29541
29346
22543
28483
26910
28010
27612
19743
27863
28244
27313
23603
24984
26265
28976
28118
23515
25314
35267
28066
25500
22436
26842
26766
30071
30333
25183
25716
28698
26660
26065
26698
27190
36180
29923
27493
27135
28087
25739
27202
23808
29120
30468
22002
26457
38461
25973
26862
24660
30238
26885
17669
19467
17635
20604
19935
15751
17434
20627
17538
17464
12229
20071
18405
15393
17762
16245
26085
19897
22098
21413
15728
19138
22286
22120
20598
11972
13503
12423
19483
24001
18260
12601
15682
20465
14516
23227
26403
21525
19844
17696
22282
14563
18844
21410
34478
19491
19047
19215
17674
18572
20413
14450
20091
19525
19786
17928
17777
19695
17644
14503
27389
17256
15993
17412
21050
19484
13718
13819
21547
20012
18881
17246
18889
17872
22417
17160
20231
19938
15307
19199
19679
14934
19671
26778
26069
18934
19313
20780
21715
19122
19605
27150
22218
19473
23082
22520
23996
24479
23403
20318
28398
18255
20953
24730
23463
29793
25500
26014
23252
19017
20828
17494
19208
17125
19747
17343
18009
25241
22845
20687
24097
19365
19906
23961
18153
25319
22158
18817
19559
26629
22431
25247
22722
22397
19567
24266
19508
20042
22232
19889
22557
18498
19738
17179
20731
21614
20404
21268
16515
20901
20921
20710
18431
19918
22735
18307
17070
23918
16959
16902
23695
20494
21611
19005
35666
19908
19568
20203
23442
18151
24101
20082
17315
32946
18840
23772
19315
35570
20339
19650
20859
20542
19658
20569
21797
22473
19930
20520
17741
20479
24033
17762
18748
19956
23815
18481
23945
26763
16244
17442
29188
28153
29391
25870
22032
25506
33140
27878
23156
32755
26111
26388
30293
26142
16892
21562
27136
20869
30886
26595
22278
28476
23587
22856
28654
29700
20736
20691
26779
23545
27045
25378
22139
22797
29902
21536
23285
22482
32900
16182
23238
20169
30814
24383
29217
25522
24443
22101
20758
26337
19385
23875
29576
27690
26763
22035
31735
21854
27799
25897
24085
26390
26846
24332
29457
30694
27774
29905
26229
30339
26324
22857
25318
29406
20543
22176
22098
27439
24286
25112
29842
28870
27875
28426
25837
22769
26207
30790
23612
27402
21782
23333
23995
30424
26139
26221
23152
25672
22949
26658
25469
21488
27360
26422
26666
24255
26560
27764
27056
25920
27794
27364
26083
26136
24869
25479
27087
24447
26032
29030
29171
26697
26668
25869
30428
23387
25358
29205
21955
30902
29637
25064
28124
23734
26416
27216
27463
29120
30475
18529
25951
31151
26031
22385
30126
27646
24202
26048
33057
29988
20984
30459
27255
29390
23924
23173
24146
23085
17332
35115
28757
24359
26127
31644
32612
30181
24546
32469
35242
32020
40469
29917
29004
28005
44002
37255
30822
33028
22417
32708
34025
33185
51353
37680
34674
43469
49552
31200
27643
29712
48791
38810
35308
34136
26765
20685
20559
16072
20534
21929
24370
20129
28308
23011
16820
22946
18871
23804
25756
51148
15078
12614
15591
19457
17335
19678
18187
26742
22460
17849
33044
18982
18553
22358
18300
21705
19412
32779
20940
18456
25105
22336
25786
22903
26262
23036
24941
32851
24228
23835
33923
28879
26805
22488
24339
25240
26261
26968
23753
23659
26774
24772
24142
25984
29424
23554
43206
64993
26891
25982
29444
30934
31023
22070
23466
24625
41173
26876
30803
32041
34647
22562
35922
28902
25498
25189
24666
25800
37634
25742
29427
28460
30732
30611
24345
25609
48885
23960
25224
23434
20043
20366
17025
21269
21298
22356
16629
18903
27586
27066
20263
26183
19601
26585
28991
19698
23657
32845
18787
21451
22106
20825
19814
24553
22931
27521
30682
23060
28141
17593
30268
17956
26674
21526
22828
22035
19372
23127
18107
26762
19709
20864
25562
26059
17280
18421
19333
27558
21517
22858
20630
21743
20191
26439
18717
24060
21076
19032
33169
21429
19331
29643
23082
29880
18180
21862
36380
24176
22187
23561
23006
21148
23461
27164
21175
18059
15559
20726
21706
19419
19063
15849
20990
20950
20330
20409
24080
16268
29662
18606
34202
19354
20067
22314
21204
19163
21486
21372
20798
34005
33016
20697
42729
33541
34414
34161
34813
31795
38721
27825
41625
41849
31806
29367
29710
27650
29088
32412
29639
28132
32743
34471
32180
34169
28735
37045
31777
31759
32614
38061
32259
32235
31244
25029
29006
30779
31281
28413
16706
32280
32095
15557
34597
35114
34774
29490
33277
30213
30154
31215
30514
43946
18556
22922
22928
20378
17868
25727
23684
22133
27490
23706
23513
23445
29288
23039
23348
20713
22499
28215
22832
24143
41824
27249
28130
21632
29244
26470
21195
37021
31075
21564
30360
27129
20332
22197
25205
20240
21360
18906
23158
20697
23188
23520
30094
21955
27389
25428
26804
24816
25159
24056
20811
31760
19999
24978
26320
22522
25734
20180
23420
21274
21788
29343
23836
20302
24921
20790
26042
23414
26269
22367
21365
23782
19769
23020
26741
25547
28986
23509
23314
28549
24422
18330
34271
24013
23695
22234
27477
24246
16247
28233
18810
26258
25156
19576
20688
20003
28246
22870
19509
18269
26981
27745
22977
23264
21640
19623
23010
23044
21736
25942
28417
24928
21644
24965
28552
19552
20891
24364
18858
17723
21923
19409
20425
23044
27733
23260
22343
18881
23072
27402
20589
26562
17898
20599
27877
20339
20884
23146
20516
25368
20524
16818
27401
20313
22935
18136
22603
21469
23311
21827
21974
20802
26257
28057
19141
18451
24291
21809
19057
28350
25535
28145
25493
26700
26124
24360
27888
34047
26294
25885
22667
21496
24682
29158
22591
25227
22538
21040
27719
24605
21341
22470
22177
20142
24960
25124
21706
16867
22490
20497
31544
23967
26178
22426
21214
23764
24386
22828
32369
23535
25047
27870
32848
24391
27233
23195
27146
23865
25577
38795
32301
23410
25240
25398
26492
42556
22136
21362
21937
23580
22726
32398
29461
34064
24647
24856
22014
13645
26025
23435
23232
21714
23450
22282
22170
25608
27158
24450
26526
28688
25224
24194
23554
23683
20769
25022
42275
30272
30176
23291
27019
22919
28533
22318
23682
23836
22980
25054
25958
23980
22863
23380
24830
30605
24539
29472
26087
28403
39196
34824
40320
27162
36851
18112
25321
12199
22400
18215
19026
32401
24826
24900
32162
19279
18819
17840
18535
19015
19810
14736
25223
21723
20401
22877
25216
27200
21287
20046
24094
17565
22434
22647
20072
15662
27248
22201
17553
15682
21267
24666
17889
21222
26026
20430
22618
20806
19087
16344
27868
25965
24662
16549
22165
25727
28841
22591
11372
23267
30998
20814
25250
21121
26767
13848
29934
25881
25844
30511
16216
29235
27487
24653
26958
26741
24035
23599
26153
29723
23656
25087
29642
27880
26239
19216
34277
26103
29747
29610
27083
35559
20912
30086
22263
25161
27123
14123
30204
27387
26918
9150
27298
27174
29158
23010
29952
28165
30597
37078
11616
24560
26958
36730
25553
27044
12877
25590
20390
19285
18061
25916
23336
18117
21897
19086
19166
23922
19440
18817
16881
18691
21680
19178
21770
29589
23715
25573
22369
23044
29431
16539
22889
20704
20765
18974
20398
16356
20246
27518
15169
15671
20740
20338
19027
19269
22207
17957
18234
22329
17788
22383
16916
28337
12810
15769
19214
18236
21655
27466
20215
17751
17882
23467
21784
21962
24155
19212
19351
22916
28841
17646
21829
19244
18340
20526
21404
21835
19927
23287
24340
25663
18709
21818
22483
26285
22854
21475
24544
28883
23572
20937
20187
18654
20351
20534
26176
16333
19694
17451
44671
28994
17876
29423
21688
28472
29380
28669
22493
27658
17007
26663
24812
32907
17209
23535
24735
29148
44591
24658
22685
30634
22648
27265
22323
13179
21916
24894
26578
20667
24372
22387
15105
19738
28400
20991
21068
30572
19420
19861
26339
18968
29355
20085
38883
20269
25578
32838
19743
15820
26742
19760
18926
23808
26675
18692
17340
19997
27605
19889
18846
20704
34914
28418
20659
21174
20204
20752
22135
26135
27893
26357
18880
21903
16739
20545
28458
26855
22195
22871
35962
26653
24087
17017
22744
31585
18125
30859
35054
29513
21185
21555
25033
24364
20891
26928
17910
17378
24518
22867
20374
26844
29047
24114
21740
22140
27398
30082
22613
14689
21281
22609
30478
22453
17570
22049
15990
21888
24875
30963
23573
25687
20121
26693
24154
17122
21798
25310
15006
25868
24944
36126
14251
27962
26265
26749
30269
17299
18722
20124
22344
20863
23772
22127
27288
25006
27535
21194
20430
30237
21231
36279
25877
24510
23341
22194
22221
27608
15894
22755
26130
25585
21693
15249
23830
22016
35537
22130
22804
18764
25846
34215
19495
20900
20322
21113
20697
20428
20444
25176
25995
23452
25489
23013
25693
31923
20381
19772
21010
20283
16507
23443
30480
25238
19549
19482
17893
24902
31314
21781
36163
21803
22272
19511
19213
22363
24211
19743
25199
24584
23826
20753
22436
24964
26946
12483
22241
21386
22416
25650
18437
29058
23896
27062
21705
28305
19472
25274
35168
19766
20242
22692
22751
18135
18632
23257
25987
16135
22849
24234
25057
15096
21581
26184
22861
20752
11413
31876
28887
22656
27208
24561
23125
25524
16619
13813
21405
21748
20223
21287
22149
26411
23576
19717
19971
22635
18995
18447
24729
20602
27312
17493
19168
27314
15654
16965
19261
47733
22643
24720
21335
26397
22459
20121
23545
29561
29296
23919
33977
21338
28394
35214
27390
27755
23213
27219
30598
28473
32474
23231
37474
24118
24868
23469
23941
63579
27000
32166
28524
20169
31160
18245
17883
18204
24192
26761
21145
29018
18719
33220
37558
22456
28104
22860
20275
23395
23448
51025
41255
23885
28669
25219
30769
25241
29867
46366
19742
28209
14450
19782
34701
33634
20159
26809
31460
39802
25498
34529
28300
31062
17899
47495
28323
18428
25349
32397
20618
30297
25368
27528
33689
22490
31280
18917
29748
22241
19311
21667
32110
17901
24785
37215
25556
36567
19407
31370
26767
26472
20053
21295
25253
21927
23259
32105
37198
24660
15143
22721
29522
25351
25992
20321
23770
35876
54861
20777
15707
30378
29703
27572
20055
20933
20417
45545
65600
21621
29090
21515
25029
18324
20700
14792
21650
29424
28164
21899
25369
24657
19647
19149
38428
23075
15556
28023
23685
27560
25182
29620
32269
22156
24127
26182
17564
25132
28758
25564
27000
28801
24400
24260
23598
20602
20412
22884
20251
22387
31836
28593
41664
32063
24014
22456
22480
24951
25015
22460
21923
22008
28824
39266
27794
29878
32542
26093
22221
29741
24483
23520
27223
21188
19793
18039
26469
21387
19409
23819
23908
19635
16827
19992
19232
17115
20052
22340
18477
23845
22195
24415
23090
30912
27642
21067
19114
20477
14874
23807
23543
19694
20942
19111
20417
26314
20678
23456
23404
27053
21979
23291
21847
21097
29412
22405
21139
19632
18957
20347
22799
22321
21018
20230
19867
17864
21619
22125
24364
19009
22783
22196
23852
26485
27876
26170
23963
29479
25651
21699
28967
23020
34562
25372
30920
25191
24098
26034
25142
27474
21623
22937
28187
25466
27664
25435
23299
26935
22363
26514
26655
27550
25258
23857
25856
26096
28457
24450
24054
14482
24984
23709
26914
26432
28679
43543
24951
29068
26450
26071
25055
27895
23765
25219
21975
32955
26335
25284
24638
27034
24300
25502
23985
26304
27410
25575
33744
38684
27257
23977
27770
26516
24946
23812
33925
26706
30249
32083
25293
25105
27259
30144
30047
29915
30783
25272
29411
25899
29892
33193
30568
44231
25772
27394
30245
7270
8465
10297
8441
8867
8536
9461
7562
7849
7361
13068
9500
13486
9234
10621
15185
10820
12453
10269
6774
11678
9634
7076
7459
9333
14412
10609
7263
7245
8831
7811
23166
15111
9876
11096
10678
8371
7242
9328
9446
6974
7598
6792
9833
8665
10284
10190
5878
8374
9930
7685
7465
9749
9347
6792
7643
7299
10562
8649
9412
10363
7943
8286
9399
16691
10021
7519
9199
13689
11673
15409
7717
9918
9102
8821
8420
7960
7743
7.6
7.5
17.6
8.3
7.7
18
10.9
12.3
8.9
7.9
9.1
13.6
19.4
9.4
8.3
7.1
9
22.6
17
11.2
9.7
7.3
10.9
16.4
7.7
8.3
15.6
9
10
9.8
11.2
20.4
13.3
8.1
8.3
10.1
9.1
10.2
7.1
9.8
7.3
7.8
13.2
16.9
8.5
11.4
9.9
8.4
9.8
20.7
8.8
9.9
11.2
13.8
10.2
10.3
11.1
8.4
5.5
16.8
13.8
9
7.6
11.4
20
20.8
9.6
2.9
2.1
6.7
17.6
5.4
2.3
12.5
7.9
3
13.1
5.2
9.4
7.9
6.3
28.6
9.8
9.8
16.5
9.3
21.9
8.4
13.9
3.8
7.8
9.4
10.7
7.5
7.9
18.2
18.2
8.7
8.8
12.8
14.1
10
11.2
7.7
13.2
19.8
10
10.6
11.3
10
13.1
8.3
11.8
7.6
4.2
8.4
9.4
7.2
6.2
11.5
8.4
9.5
10.2
9.7
10.1
8.1
7.5
7.9
9.9
8.6
8.3
17.7
14.3
6.6
11
7.6
9.2
9.4
9
7.9
7.6
8.5
6.9
10
7.9
11.2
6.2
12.5
6.9
17.3
14.2
8.8
8.1
5.9
7.3
10.9
9.6
12
12.8
4.3
9.5
4.4
8.3
6.8
18.1
6.6
10
9
7.6
6.2
7.5
5.4
11.7
5.3
10.9
5.9
6.1
9.3
8.8
7
9.7
11.2
6.2
7.1
12.4
8.3
8.3
10.7
14
12.1
12.1
10.4
8.8
11.5
11.1
13.2
12.6
10.5
17.4
6.8
12.7
13
14.6
10.9
10
7.5
5.7
11.6
12.2
16.2
8.6
13.4
8.4
7.5
9.8
7.6
8.3
15.2
12.9
11.8
12.2
12.6
8.7
6.8
13.7
6.6
6.7
8
7.7
7.6
10.3
8
12.7
11.4
8.1
15.2
13.2
13.2
9
12
12.9
8.6
9
14.8
7.9
10.4
7.2
8.2
4.5
8.3
6.1
5.5
5.9
9.3
5.4
9.7
14
27
14
11.7
6.3
4.6
4.1
4.4
6.7
8.4
9.2
6.9
4.9
5.7
7.8
3
15
1.5
5.9
2
5.9
5.7
5.2
6.7
9.2
6.3
9
8.7
1.6
5.9
9.5
10.2
6.2
10.7
6.7
5.6
5.3
7.7
9.7
10.8
4.2
8.1
4
9.7
13.8
5.8
6.4
4.7
8.2
5.1
6.6
2.5
9
9.3
7.1
6
9.5
8.3
6.8
9.3
8.4
7.4
8
9.6
7.9
8.9
8.6
12.4
10.9
10
10
10.8
13.1
10.7
7.8
14.8
9.4
7.2
10
9.4
9.3
9.4
11.2
10.4
12.9
10.2
15.8
11
11.9
13.7
13.3
9
15.4
12.2
13.2
9.4
14.6
9.7
10.1
10.6
11.1
10.2
11.8
8.6
12
9.7
10
6
9.8
6.9
11.8
9.1
9.8
9.5
9.4
8.4
10.6
12.6
6.7
12.4
7.9
8.2
9.4
9
11.1
9
11.7
9.1
9.3
7.9
11.5
7.9
7.3
4.4
7.1
8.4
8.5
10.1
8.8
9.7
13.8
12.4
4.8
10.9
17
9
9.1
8.2
10.3
7.7
8.5
8.1
12.1
8.1
13.8
9.7
16.5
10
6.3
9.2
19.2
14.1
10.7
8
8.3
8.3
7.1
6.6
7
11
15.5
6.1
8.5
6.5
11.3
9.8
11.7
18
10.5
9.4
10.1
6
10.8
13.2
10.3
12
7.6
10.9
6.2
8.4
9.9
10
7.1
9.3
8.3
10.5
6.8
8.3
7.7
7.5
14.6
12.3
8
6.2
12.1
10.3
9.7
6.8
7.9
12.7
6.6
17
10.3
9
9.5
15.6
14.6
6.6
7.2
12.9
9.3
15.6
13
8.2
9.5
8.8
18.7
8.7
14.3
12.8
6.5
13.5
10.5
6.7
6.9
11.1
11
11.8
5
5.3
8.7
11.3
8.3
8.9
10.4
10.2
7.4
6.3
11.2
7.3
10.4
12
11.2
12.4
9.8
9.4
12.4
10.6
14.5
14.4
10.6
12.1
7.9
20.6
4.4
14.4
10.5
5.8
9.6
10
5.4
11.9
12.5
6.7
13
11.1
8.4
7.9
7.2
16.4
12.2
11.3
5.8
10
6.8
10.3
6.7
8.9
7.3
9.8
8.1
5.6
0
5.4
6.9
6.6
11.3
7.2
3.3
10.1
7.1
4.1
10.5
6.2
5.6
4.7
6.8
5.8
9.4
1.5
5.7
3.9
7.3
3.3
8.4
5
6
14.2
3.8
6.4
6.1
6.6
7.9
7.6
6.1
6.5
6
10.2
4.8
6.1
6.7
11.7
10.1
9.4
11.8
8.5
5.9
5.7
9.7
6.8
13.9
6.4
9.7
5.4
7.6
5.4
8.1
8.5
6.5
5.4
8.5
6.7
4.9
9.7
10.7
6.8
7.4
10.4
7.7
6.1
7
9.6
8.3
5.4
10.4
8.6
10
7.9
7.5
9.4
7.8
4.5
6.8
18.1
7
5.8
7.5
10.4
5.5
9.2
8
5.6
10.3
7.6
9.8
6
7.4
7.9
9.8
6.1
7.5
6.3
7.8
9.4
8
5.5
10.5
9.6
8.9
9.6
6.5
9.5
8.8
5.7
6.2
5.2
5.4
8.3
4.9
8
8.7
8
6.3
5.6
10
16.2
9.9
6.7
5.4
7.9
8.9
13
7.9
5.3
9.4
6.2
7.7
9.9
5.5
7
10.7
8.7
9.2
5.5
5.3
8.8
8.1
7.8
7
11.5
5.9
6.2
8
5.4
5.3
9.8
3.7
6.2
8.2
8.7
6.8
7.8
7.3
6.6
5.4
8.1
6.3
7.5
10.1
3.3
7.4
12.1
7.3
8.6
6.4
6
4.3
8.8
7
4.3
5.5
7.9
5.3
10.6
9.2
7.4
7.3
6.3
8.2
9.2
9.7
6.3
6.1
6.5
5.5
10.5
9.8
6.3
9.3
10.1
8.3
6.1
9.4
6.9
6.9
7.3
8.9
8.8
7.7
6.8
8
7.8
5.6
5.1
7.3
5.3
7
7.3
7.8
7.4
6.9
8.5
11
8.3
5.6
11.5
6.9
6.8
9.6
6.5
6.2
7.7
6.2
6.5
8.9
7
5.5
5
10.1
9
4.1
6
5.3
3.2
3.2
6
6.6
2.6
4.7
6.6
4.7
3.9
3.9
3.7
4
4
3.3
3.2
3
4.4
3.7
3.8
5
3.8
4.2
4.8
4.8
2.6
4.2
7.5
3.6
6.3
3.8
4.3
4.6
5.1
3.5
4.2
3.7
5.6
3.9
5.4
3.8
1.5
4.9
3.6
5.1
3.4
4.8
3.7
1.8
4.4
5.4
6.4
3.5
5
5.1
2.1
8.7
4.8
4.8
5.8
2.4
5.7
8
4
6.3
3.8
3.2
5.5
6.2
9.6
4.6
2.8
3.3
5.1
2.9
3.4
4.9
5.8
5
4.8
4.8
4
5.4
2.9
1.8
5.5
5.6
4.4
5.4
6.6
8
4.8
4.2
4.3
8.4
6.2
3
5.2
4.7
5.7
7
5.9
7.3
3.1
6.8
3.3
4.5
5.6
2.9
5.1
5.8
1.9
1.4
1.9
6.8
5.1
5.4
7
5.6
3.8
6.7
5.8
6
2
5.3
4.5
4.3
4.6
6.4
6.9
9.2
1.9
2.4
7.3
2.9
2.1
3.5
2.3
3.7
4.4
3.9
2.5
4.4
6.9
2.5
4.5
1.8
5.7
4
5.3
2.4
5.9
6.5
8.3
3.9
7.2
3.1
5
3
2.8
5.6
2.6
8.7
3.2
5.8
1.7
4.7
2.7
1.7
8.2
4
5.3
1.9
4.3
3.7
5.6
2.3
5.7
3.8
5.5
5.8
4.1
5.6
6.9
5
5.8
6.9
9
6.8
1.2
4
3.2
2.6
2.4
3
7
2.7
1
6.2
5.4
3.1
3.1
6.5
4.6
11.2
7.7
9.2
6.9
6.2
7.6
14
11.6
5.6
9.9
10.5
7.1
8.3
12.4
11.5
7.6
6.1
8.7
9.1
6.8
6.8
13.2
11.1
9
12.7
7.9
15.9
9.3
7.1
10.2
6.8
8.9
6.2
11.8
6.9
9.7
9.7
8.7
12
6
11.4
6.8
7.2
9.3
9
10.1
5.9
8.2
9.8
8.1
9.6
8
6.6
8.8
6.7
12.3
8.4
8.8
9.1
7.7
14.6
15.7
9.3
12.4
7.8
12.2
17
12.6
8.4
10.5
6.7
7.7
7.6
6.1
19
8.4
8.6
12.2
9.2
7.7
20.6
6.2
11.5
14.7
11.5
7.4
9.5
10.4
9.6
10.3
9.8
7.7
9.6
4.3
8.6
8.8
6.4
13.9
10.7
8.3
9.1
6.7
11
6.5
11.8
6.9
5.7
7
6.4
9.6
8.5
8.4
14.6
7.8
7.9
6.1
12.6
7.2
10.2
9.7
4.8
10.1
8.9
6.4
10.3
9.6
5.7
10.1
5.7
7
8.3
10.2
6.3
8.3
13.5
11.7
9.3
7.6
19.2
6.5
10.4
11.5
9.2
10.6
7.9
6.9
6.7
9.2
6.3
7
6.3
11.9
7
16.9
8
12.2
10.3
8
4.7
8.3
8.6
9.2
9.6
10.6
12.2
7.7
14.4
11
9.2
6.1
7.2
12.2
7.6
10.7
15.6
5.5
7.7
8.5
7.5
15
7.6
6.5
11.9
8.5
6.3
7.2
7.5
5.4
7.7
7.7
7.7
5.7
4.2
9.2
7.8
10.5
5.7
9.5
7.5
9.8
5.9
10
5.9
6.9
7.6
8.8
4.6
7.5
6.3
10.4
5.8
7
6.4
4.9
7.2
6.1
8.7
5.3
4.8
8.2
6.7
8.5
8.8
9.9
13.1
7
8.9
9
5.2
7.7
6.7
10
7.2
6.1
3
6.9
7.9
8.7
7.8
12.2
10.8
6.1
9.3
9.7
12
8.1
7.9
9.7
8.4
9.4
7
10
9.7
7.8
13.9
11.7
13.2
6.5
12
9.2
7
7.8
8.4
13.2
11
9.5
6.6
8.5
9
7.2
7.8
9
10.4
12.1
9
11.3
10.3
9.1
10.4
7.7
7
13.2
10.5
7.1
8.6
5.9
11.6
12.5
9
11.5
8.1
10.7
12.2
8.5
8.5
11
8.3
11.2
16
11.9
10.1
7.5
8.7
12.4
13.7
10.3
13.2
8.2
6.1
13.1
14.2
11.1
10.4
8.6
10.7
15.6
10.3
9.3
8.4
7.4
14.9
9.5
7.3
6.2
3.5
10.6
6.7
3.3
4.9
3.2
5.4
3.8
7.4
2.6
5.5
4.3
7.4
4
4.9
5.7
5
3.5
4.5
4.2
4.3
4.9
5.3
3.6
6
4.9
5
7.3
7.1
3.2
9.8
4.8
2.8
7.8
3.7
4.8
4.8
5.3
2.8
5.3
4.5
9.2
4.7
3.5
4.7
7.7
5.8
6.5
4.5
4
6.9
5.1
4.1
4.4
3
7.4
4.2
4.6
4.1
7.1
3.5
4
5
5.6
3.7
2.7
6.9
4.6
5.2
5.5
5
4.9
3.1
3.9
5.1
2.9
3.6
5.2
4.6
4.8
2.9
2
6.2
5.2
3.4
11.3
9
12.7
12.6
17.1
15.3
10.1
11.9
12.2
14.2
17.5
11.7
16.2
20.3
14.3
13.7
7.6
13.1
8.9
9
12.6
9.4
10.1
9.7
10.3
19.2
26.8
11.6
9.3
9.1
7.9
15.9
12.9
7.4
10.1
8.4
8.5
9.6
10.8
10.5
7.8
16.3
7.5
12.6
5.4
10.4
8.4
10.9
8.5
9.8
10.6
19
13.3
10.3
12.1
12.9
9.5
6.6
10.2
25.3
5.4
13.1
22.1
10.9
4.8
9.7
20.1
19
10
12.2
10.5
12.4
10.7
11.1
8
21.7
9.4
11.2
9.7
12.3
5.7
19.8
7.9
5
4.3
8.8
11.4
6.5
6.6
10.2
4
5
7.5
9.4
5.2
5.1
9.1
6.3
8.9
9.7
6.7
10.5
3.8
6.4
4.5
6.1
5.8
4.9
5.7
12.7
7.9
13.2
5.7
6.8
9.2
9
8.1
7.2
6.1
6.3
6.8
4.5
5.8
7.4
12.6
5.2
6.3
8.3
11.4
7.6
6
8.3
8
7.4
8.8
6.9
7
5.6
9.5
4.5
5.1
8.7
8.7
10.2
10
7.2
4.6
8.1
12.2
6.7
5.9
9.4
11.7
8.8
6.1
7.2
7.1
2.9
12.6
11.2
4.2
6.4
7
6.5
5.6
9.5
12.7
2.8
6.2
8.9
8.2
11.1
10.1
5.1
9.3
5.4
8.3
7.4
5.5
7.4
4
6.8
9.2
5.8
9.1
10.8
6
9
8.1
5.4
8.9
12.2
9.5
6.3
4.3
9.4
12.4
6.5
19.9
13.4
4.5
3.9
2.3
5.1
4.3
3.8
2.6
2
3.9
3.3
3.1
7
6.3
0.2
14.4
3.5
7.2
4
6.6
3.9
9.9
4.9
4.5
13.1
0.8
4.8
3.9
11.8
8.2
4.6
5.4
6.6
6.3
6
4.5
2.2
8.1
8.2
2.5
6.8
10.6
9.3
2.7
7
3.6
0.9
5.1
3.1
0.8
2.6
3.4
3
4.1
5.5
1.6
4
5.4
0.7
1.2
3.9
1.1
0.7
3.5
3.3
4.2
3.8
2.2
0.7
2.6
1.6
2.8
6.4
3.3
2.3
7.4
2.6
4.8
4.3
4.5
5.1
5.7
4
3.4
3.5
2.4
3.4
4.3
3.1
3.5
5.1
3.5
1.9
6
2.5
1.7
1.8
3
0.9
2.9
4
4
3.6
3.8
2.8
1.1
5.1
3.3
5.1
4.2
0.9
0.7
0.9
3.1
5.2
4
3.2
8
2.9
4.6
4.6
1.7
1.7
4.7
4.5
1.9
4.1
3.4
1.7
3.4
4.4
3.5
5.5
3.5
1.4
3.1
1.3
2.6
1.7
0
14.4
1.4
1.4
3
4.7
2.9
2
11.9
10.8
8.5
5.5
11.9
4.7
7.8
12
11.8
13.6
15.4
13.4
9.5
10.3
9.1
10.6
11.3
5.3
5.8
6.1
6.9
5
5.9
5.2
5.6
6.5
5.8
12.5
6.5
8.5
10.2
10
11.1
13
9.2
9.3
5.9
9.4
7.5
7.9
6.3
8.8
8.6
10.6
6
8.2
9.8
9
8.4
4.6
7.6
15.3
9.5
9.1
5.2
11.5
5.8
9.7
1.2
6
12.2
5.9
7.3
3.5
13.8
15.5
5.4
12.7
5
11.4
9.7
9.2
9.2
6.4
7.9
6.8
7.3
10.7
11.2
2.1
12.4
6.4
9.2
14
7.8
8.2
7.3
7.8
5.4
7.1
6.9
6.7
6.1
9.5
8.7
7
7.9
8.8
9.3
6.7
9.1
9.7
8.7
10.6
10
8.3
5.4
5.1
7.7
8.9
6.4
7.5
7.6
7.4
7.2
6.4
7.3
9
9.7
7.1
6.8
8.6
7.6
6.9
7.9
10
6
7.4
10.5
6.4
5.5
8.2
6.4
11.5
6.9
5.9
9.3
6.6
9.5
7.5
7.6
7.4
6.9
7.9
9
10.5
17.6
8.5
6.9
11.5
13.5
12.1
11.4
7
11.6
9.2
12.2
9.3
10.2
10.9
8.2
9
8.4
12.7
12.3
12.6
9
11.4
12.6
6.6
6.4
11
7.2
11.3
6.8
15.4
9.5
9.9
11.2
12.2
11.1
8.3
11.9
8.8
14.1
11.3
7.3
6
13.7
13.1
12.7
9.8
6.2
8.9
11.6
10.3
13.1
10.2
11.1
7.3
7.3
14.7
8.9
8.6
10.5
8
11.9
8.9
15.9
11.6
6.4
9.7
10.1
9.8
12.7
11.9
12.1
8.8
9
13.8
12.1
10.5
11.5
12.2
10.4
15.5
12.2
9.3
6.9
7.7
6.9
14.1
7.7
12.2
6.4
10.7
15.5
9.5
12.4
11.7
10.1
8.3
11
1.2
2.4
6.1
1.4
2.6
1.8
2.3
2.3
3.2
0.8
1.5
0.7
4.3
1.9
3.6
1.3
1
3.6
3.4
2
1.1
0.9
1.9
2.2
3.1
1.2
3
1.6
3.2
3.2
4.7
0.7
3.6
3.5
0.9
1.2
2
1.6
3
4.8
1.2
2
20.3
0
2.8
4
2.5
2.9
2.7
3.3
2.6
1.3
1.7
13.4
9.2
7.8
8.9
10.9
5
8.5
9.9
7.2
7.1
9.1
10
5.5
9.2
9
7.8
8.1
10.6
7.6
8.4
3.2
7.7
6.9
8.6
7
6.7
7.5
4.1
7.6
11.7
8.8
6.9
9.6
5.6
6.7
11.5
9.5
4.2
7.2
11.5
8.8
6.6
6
8
7.2
7.6
8.8
11.1
5.9
9.5
9.6
5
12.1
5.5
7.6
7.4
9.4
9.3
7
8.3
7
5.5
6.6
9.5
6.9
13.4
8.7
7.3
3.4
8.7
11.3
7.6
9.6
8.1
6.7
8.5
8.4
7.4
7
4.2
7.5
12
6.1
6.8
4.8
7.1
7.2
6.6
7.9
4.9
8.7
3
2.9
3
8.1
9.5
4.5
6.1
7.9
8.9
2.2
4.9
9.1
8.6
9.2
6.4
5.7
3.7
9.2
2.7
5
5.6
4.4
4.3
3.6
4.4
8.7
1.6
8.7
7.1
7.6
6.5
6.7
7.8
3.6
5.5
7.8
9.4
7.1
6
4
3.9
8.3
10.8
5.4
7.6
7
3.6
8.2
5.9
8.4
9.6
6
10.4
7.1
9.4
6.3
6.3
6.2
6.2
6.8
10.6
0.8
5.5
8.4
9.8
6.6
3.5
7.1
6.5
6
5.3
3.5
2.8
5.1
10.1
8.6
8.3
7.6
9.8
11.7
13.5
11.3
9.4
12.2
9.2
9
16.1
5.1
10.8
14.4
12.3
12.4
10.6
9.9
7.9
10.6
11.2
10.7
8.6
8.8
10.8
7.9
7.8
9.4
7.1
9.5
9
7.6
8.5
9.7
5.7
7.1
8.5
6.8
7.3
9
6.4
5.6
7
5.9
8.5
4.5
8.6
5.1
5.9
8.1
7.8
6.1
5.7
7.2
5.6
7.1
8.2
5.2
8
8.4
4.8
6.9
7.5
6.4
8.1
7.8
6.4
5.7
6.9
6.1
7
6.9
8.5
7.8
7.7
9.1
6.8
6.4
12
6.4
6.6
7.3
7.2
6.3
13.9
11.6
6.9
8.8
5
6.9
8.7
7.7
7.4
6.1
8.1
6.6
6.5
7.8
5.6
7.6
7.3
6.8
8.2
6.9
9.5
6.4
10.7
9.9
22.6
9.2
10.9
14.7
7.2
9.9
8.6
7.7
10.6
13.8
10.3
16.2
12.4
15.9
13.2
8
8.9
12.8
12.1
11.2
7.6
12.9
11
8.7
11.9
10.5
9.9
10.7
14.9
7.5
14.3
13.9
15.5
10.2
10.4
12.8
9.2
9.4
9
8.9
12.4
12.3
11.6
8.9
1.9
2.9
14.7
0.9
3.1
2.5
2.6
16.3
3
1.4
5.1
2.8
6.8
2.9
29.4
5.2
3.3
3.9
3.1
24.6
0.4
1.8
4.1
0.7
4.1
2.1
2.5
2.5
1.7
1.1
1.4
3.1
3
1.8
17.4
0.9
3.6
2
4.4
3.8
1.9
7.4
2.1
6.7
0.7
2.3
12
4.1
4.4
6.1
28.7
4.8
4.5
0.5
7.6
3.4
1.1
1.4
1.7
25.4
2.1
2.5
2.9
5.8
3.6
27.4
7.7
7.7
14.3
9.6
7.8
11.2
9.9
12.9
11.5
8.1
7.8
13.5
8.2
7.2
11.1
8.8
7.4
9
7.2
10.1
7.6
7.5
6.6
8.5
10.4
9.5
9.5
9.9
9.5
8.7
10.2
10.1
8
12.1
18.7
13.9
10
10.5
9.4
9.7
8.6
8.1
8.9
14.5
9.1
9
6.5
10.1
13.4
10.8
7.7
7.6
8.9
9.3
14.9
7.4
8.4
6.7
8.4
7.7
15
12.5
9.7
6.5
8.5
11.2
7.7
9.5
4.9
10.9
8.4
11.1
9.8
8.4
6.8
14.1
9
7.4
10.3
5.2
10.1
8.2
6
10.6
10.5
13.7
9.5
11.2
8
6.2
12.2
11.2
10.5
4.2
6.5
4.3
3.9
9.1
6.8
3
1.1
6.5
6.2
4.3
4.8
9.8
1.4
7
9.5
7.4
6.4
0.7
7.9
8.5
5.4
6.4
4.9
4.7
19.8
4.3
7.5
5.1
5.2
7.2
5.4
10
8.5
1.7
9.2
4.7
7.8
6.4
5.2
6.8
8.5
3.1
8.2
4.9
5.2
4.2
4.9
4.5
2.8
7
9.5
7.5
5.2
1.8
10
6.5
5.6
7.6
9.5
5.4
13.6
5.7
6.8
13.6
10.3
3.9
10.9
4.4
5.2
4.9
6.5
8.4
4.1
7.2
6.7
1.8
7.2
8
9.7
5.1
6.6
4.9
5.2
4
7.5
2
6.8
2.5
9.3
6.5
5.4
7.8
5.9
6.2
5.7
8.1
11.5
5.9
2.3
5.9
5.5
7.5
7.7
2.1
6.9
6.7
3.7
7.8
9.9
8.9
6.4
5
7.1
6.4
6.4
5.7
11.4
5.3
4.4
5.6
5.2
11.4
7.1
8.8
16.5
6.6
7.3
4.2
4.8
8.7
4.5
0
1.5
8
7.6
5.1
13.2
11.7
7.1
7.4
6.2
8.6
8.1
4
5.7
7.5
11.5
8.2
5
4.3
5.8
15.1
6.2
10.9
4.3
6.2
14.1
5.7
8
3.5
6.8
6.4
13.1
6.6
8.3
3.4
9.6
3.6
5.5
6.6
6.1
4.1
12.7
11
8.6
10.9
12.1
7.7
6.6
5.2
7.4
8.4
8.3
5.7
6.1
3.6
4.8
10
5.3
9.6
7.9
3.9
2.2
12
7.2
6.7
6.7
1.9
9.2
5.9
3.4
4.9
12.1
16.3
12.6
5.2
4.9
4.1
3.3
3.8
7.9
3.7
7.2
2.1
13.8
3.9
0.3
6.9
4.3
6.4
6.9
5.9
3.7
6.5
2.6
7.5
4.7
6
9.9
11.5
7.9
4.3
8.1
9.3
6.1
6.5
4.4
8.3
4.4
5.1
6
6.6
3.9
6.1
7.5
11.5
6
5.8
2.5
7.5
8.9
8.1
5.6
12.2
12.2
3.8
6.3
5.5
7.4
4.3
4.2
5.2
5.7
8.6
7.1
10.5
3.8
7
4.3
6
6.8
6.2
5.8
8.4
8.3
5.9
3.2
7.1
5.1
5.5
4.7
7.7
2.1
6.3
5.8
5.7
7.2
5
9.4
4.9
7.4
4.3
4.5
5.6
6.6
4.8
6.8
5.1
6.8
3.8
5.1
5
6.6
6.6
3.7
4.7
6
5.8
8.7
4.6
10.5
10.6
11.2
6
8.6
6.7
8.2
4.9
6.8
6
4.1
7.3
10.1
8.4
9.7
8.5
4.9
5
5.7
5.2
6.2
5.2
4.8
4.7
5
9
7.4
6.4
7.5
4.4
6.7
10
1.1
8.3
5.1
5.5
7.4
5.4
7.9
12
4
8.1
7.3
6.6
3.3
6.9
6.3
5.6
5.7
6.1
9.5
8.7
10.8
7.9
9.3
8.3
7.7
4.9
7
10.6
5.4
7.4
2.9
8.7
5.1
4.1
5.4
8
9.4
6
6.4
7.2
6.2
5.5
10.7
6.9
8
7.2
6.9
9.7
11
9.6
5.8
4.5
10.7
7.3
4.3
7.5
8.3
7.3
12.7
19.1
5.4
4.2
13.7
8.9
6.4
9.8
6.5
12.8
2.7
8
7.5
4.4
11.5
9.1
10.9
11.1
13
4.5
11.6
8.8
10
8.3
4.8
5.6
8
6.1
4.9
8.5
6.7
9.6
9.6
6.9
7.5
9.9
8.6
10.4
10.7
6.5
12.2
7.2
7.4
10.1
14.3
9
9.5
6.3
8
7.8
7
12.1
4.8
12.9
8.9
8.9
10.3
9.2
5.9
8.2
8.3
7.5
8.4
9.4
8.5
10.6
6.4
8.2
8.8
9
9
9.7
9.2
14.4
6.4
6.8
18.1
12.3
6.5
9.2
9.4
6.7
7.2
8.1
7.2
7.9
7.4
6.8
8.4
7
7.2
10.1
10.9
13.3
4.9
7
10.3
5.1
8.8
14.1
5.8
7.3
12.3
8.4
5.5
4.9
8.2
5.7
7
3.7
6.6
6.7
10.6
8.9
10
9.5
7.6
10.9
8
9.9
14.8
8.1
8.4
8.6
10.1
10.1
7.9
6
7.2
6.1
3.7
7.5
3.1
5.1
4.8
5.8
6.5
4.9
6
6.2
7
6.1
5.8
7.2
5.3
10.1
4.6
3.5
5.7
4.7
7
5.6
5.5
7.1
9.7
4.7
5.4
3.6
8.2
6.1
5.7
5.7
7.5
7.6
14.8
9.3
6.5
5.5
6.3
3.9
4.5
4.6
3.6
6.8
7.2
4.6
8.4
4.8
8.5
5.9
4.6
5.5
9.8
5.4
5.8
5.5
3.6
4
8
7.2
6.6
4.5
4.2
5.7
7.2
4.7
6.6
4.7
4.4
4
4.3
5.1
4.1
7.8
6.8
3.3
3.6
5
6.4
5.1
1.6
3.8
2.4
3.4
5.4
5.4
2.6
4.4
6.8
5.2
36.5
25.1
23.2
24.6
6
15
17.7
22.9
17.1
6.8
16.1
11.8
15.9
21.4
22.6
14.5
30.8
12.8
12.2
17.7
13.7
11.5
20.6
23.1
3.2
19.4
25.1
15.7
27.2
17.4
22.5
12.4
13.4
13.3
22.6
13.8
20.3
31.7
17.2
24
17.6
35.2
4.6
22.5
26.2
28.5
18.9
10.7
27.9
22.9
23
24.7
10.9
21.9
31.2
27.5
26.1
20
16.1
17.6
23.9
24.3
12.1
6.8
15.8
15.8
29.4
12.2
15.7
19
7.9
28.8
21.7
15.2
12.2
25.9
24.3
27.1
